             precision    recall  f1-score   support

         bg     1.0000    1.0000    1.0000      1000
         cs     1.0000    0.9910    0.9955      1000
         da     1.0000    1.0000    1.0000      1000
         de     1.0000    1.0000    1.0000      1000
         el     1.0000    1.0000    1.0000      1000
         en     0.9980    1.0000    0.9990      1000
         es     0.9980    1.0000    0.9990      1000
         et     0.9990    1.0000    0.9995      1000
         fi     1.0000    1.0000    1.0000      1000
         fr     1.0000    0.9990    0.9995      1000
         hu     1.0000    1.0000    1.0000      1000
         it     1.0000    1.0000    1.0000      1000
         lt     1.0000    1.0000    1.0000      1000
         lv     1.0000    0.9990    0.9995      1000
         nl     1.0000    1.0000    1.0000      1000
         pl     1.0000    0.9980    0.9990      1000
         pt     0.9990    0.9990    0.9990      1000
         ro     1.0000    0.9990    0.9995      1000
         sk     0.9911    1.0000    0.9955      1000
         sl     1.0000    1.0000    1.0000      1000
         sv     1.0000    1.0000    1.0000      1000

avg / total     0.9993    0.9993    0.9993     21000

Accuracy: 0.9992857142857143
