             precision    recall  f1-score   support

         bg     1.0000    1.0000    1.0000      1000
         cs     1.0000    0.9860    0.9930      1000
         da     1.0000    0.9970    0.9985      1000
         de     1.0000    1.0000    1.0000      1000
         el     1.0000    1.0000    1.0000      1000
         en     0.9970    1.0000    0.9985      1000
         es     0.9940    1.0000    0.9970      1000
         et     0.9990    0.9990    0.9990      1000
         fi     0.9990    1.0000    0.9995      1000
         fr     0.9911    0.9990    0.9950      1000
         hu     1.0000    1.0000    1.0000      1000
         it     0.9921    1.0000    0.9960      1000
         lt     1.0000    1.0000    1.0000      1000
         lv     1.0000    0.9990    0.9995      1000
         nl     0.9990    1.0000    0.9995      1000
         pl     1.0000    0.9980    0.9990      1000
         pt     0.9970    0.9990    0.9980      1000
         ro     1.0000    0.9760    0.9879      1000
         sk     0.9872    1.0000    0.9935      1000
         sl     1.0000    1.0000    1.0000      1000
         sv     0.9980    1.0000    0.9990      1000

avg / total     0.9978    0.9978    0.9978     21000

Accuracy: 0.9977619047619047
