             precision    recall  f1-score   support

         bg     1.0000    1.0000    1.0000      1000
         cs     0.9980    0.9990    0.9985      1000
         da     1.0000    1.0000    1.0000      1000
         de     1.0000    1.0000    1.0000      1000
         el     1.0000    1.0000    1.0000      1000
         en     0.9990    1.0000    0.9995      1000
         es     1.0000    1.0000    1.0000      1000
         et     1.0000    1.0000    1.0000      1000
         fi     1.0000    1.0000    1.0000      1000
         fr     1.0000    1.0000    1.0000      1000
         hu     1.0000    1.0000    1.0000      1000
         it     1.0000    1.0000    1.0000      1000
         lt     1.0000    1.0000    1.0000      1000
         lv     1.0000    0.9990    0.9995      1000
         nl     1.0000    1.0000    1.0000      1000
         pl     1.0000    0.9990    0.9995      1000
         pt     0.9990    1.0000    0.9995      1000
         ro     1.0000    1.0000    1.0000      1000
         sk     0.9990    0.9980    0.9985      1000
         sl     1.0000    1.0000    1.0000      1000
         sv     1.0000    1.0000    1.0000      1000

avg / total     0.9998    0.9998    0.9998     21000

Accuracy: 0.9997619047619047
